0.2 0.0 0.000252
0.1797841680152 0.0 0.002922258785808
0.1797841680152 0.05 0.002922258785808
0.2 0.05 0.000252
0.1898973158225 0.0 0.001626716535398
0.1797841680152 0.025 0.002922258785808
0.1898973158225 0.05 0.001626716535398
0.2 0.025 0.000252
0.1797841680152 0.1 0.002922258785808
0.2 0.1 0.000252
0.1797841680152 0.075 0.002922258785808
0.1898973158225 0.1 0.001626716535398
0.2 0.075 0.000252
0.1797841680152 0.15 0.002922258785808
0.2 0.15 0.000252
0.1797841680152 0.125 0.002922258785808
0.1898973158225 0.15 0.001626716535398
0.2 0.125 0.000252
0.1797841680152 0.2 0.002922258785808
0.2 0.2 0.000252
0.1797841680152 0.175 0.002922258785808
0.1898973158225 0.2 0.001626716535398
0.2 0.175 0.000252
0.1797841680152 0.25 0.002922258785808
0.2 0.25 0.000252
0.1797841680152 0.225 0.002922258785808
0.1898973158225 0.25 0.001626716535398
0.2 0.225 0.000252
0.1797841680152 0.3 0.002922258785808
0.2 0.3 0.000252
0.1797841680152 0.275 0.002922258785808
0.1898973158225 0.3 0.001626716535398
0.2 0.275 0.000252
0.1797841680152 0.35 0.002922258785808
0.2 0.35 0.000252
0.1797841680152 0.325 0.002922258785808
0.1898973158225 0.35 0.001626716535398
0.2 0.325 0.000252
0.1797841680152 0.4 0.002922258785808
0.2 0.4 0.000252
0.1797841680152 0.375 0.002922258785808
0.1898973158225 0.4 0.001626716535398
0.2 0.375 0.000252
0.1797841680152 0.45 0.002922258785808
0.2 0.45 0.000252
0.1797841680152 0.425 0.002922258785808
0.1898973158225 0.45 0.001626716535398
0.2 0.425 0.000252
0.1797841680152 0.5 0.002922258785808
0.2 0.5 0.000252
0.1797841680152 0.475 0.002922258785808
0.1898973158225 0.5 0.001626716535398
0.2 0.475 0.000252
0.1797841680152 0.55 0.002922258785808
0.2 0.55 0.000252
0.1797841680152 0.525 0.002922258785808
0.1898973158225 0.55 0.001626716535398
0.2 0.525 0.000252
0.1797841680152 0.6 0.002922258785808
0.2 0.6 0.000252
0.1797841680152 0.575 0.002922258785808
0.1898973158225 0.6 0.001626716535398
0.2 0.575 0.000252
0.1797841680152 0.65 0.002922258785808
0.2 0.65 0.000252
0.1797841680152 0.625 0.002922258785808
0.1898973158225 0.65 0.001626716535398
0.2 0.625 0.000252
0.1797841680152 0.7 0.002922258785808
0.2 0.7 0.000252
0.1797841680152 0.675 0.002922258785808
0.1898973158225 0.7 0.001626716535398
0.2 0.675 0.000252
0.1797841680152 0.75 0.002922258785808
0.2 0.75 0.000252
0.1797841680152 0.725 0.002922258785808
0.1898973158225 0.75 0.001626716535398
0.2 0.725 0.000252
0.1797841680152 0.8 0.002922258785808
0.2 0.8 0.000252
0.1797841680152 0.775 0.002922258785808
0.1898973158225 0.8 0.001626716535398
0.2 0.775 0.000252
0.1797841680152 0.85 0.002922258785808
0.2 0.85 0.000252
0.1797841680152 0.825 0.002922258785808
0.1898973158225 0.85 0.001626716535398
0.2 0.825 0.000252
0.1797841680152 0.9 0.002922258785808
0.2 0.9 0.000252
0.1797841680152 0.875 0.002922258785808
0.1898973158225 0.9 0.001626716535398
0.2 0.875 0.000252
0.1797841680152 0.95 0.002922258785808
0.2 0.95 0.000252
0.1797841680152 0.925 0.002922258785808
0.1898973158225 0.95 0.001626716535398
0.2 0.925 0.000252
0.1797841680152 1.0 0.002922258785808
0.2 1.0 0.000252
0.1797841680152 0.975 0.002922258785808
0.1898973158225 1.0 0.001626716535398
0.2 0.975 0.000252
0.1797841680152 1.05 0.002922258785808
0.2 1.05 0.000252
0.1797841680152 1.025 0.002922258785808
0.1898973158225 1.05 0.001626716535398
0.2 1.025 0.000252
0.1797841680152 1.1 0.002922258785808
0.2 1.1 0.000252
0.1797841680152 1.075 0.002922258785808
0.1898973158225 1.1 0.001626716535398
0.2 1.075 0.000252
0.1797841680152 1.15 0.002922258785808
0.2 1.15 0.000252
0.1797841680152 1.125 0.002922258785808
0.1898973158225 1.15 0.001626716535398
0.2 1.125 0.000252
0.1797841680152 1.2 0.002922258785808
0.2 1.2 0.000252
0.1797841680152 1.175 0.002922258785808
0.1898973158225 1.2 0.001626716535398
0.2 1.175 0.000252
0.1797841680152 1.25 0.002922258785808
0.2 1.25 0.000252
0.1797841680152 1.225 0.002922258785808
0.1898973158225 1.25 0.001626716535398
0.2 1.225 0.000252
0.1797841680152 1.3 0.002922258785808
0.2 1.3 0.000252
0.1797841680152 1.275 0.002922258785808
0.1898973158225 1.3 0.001626716535398
0.2 1.275 0.000252
0.1797841680152 1.35 0.002922258785808
0.2 1.35 0.000252
0.1797841680152 1.325 0.002922258785808
0.1898973158225 1.35 0.001626716535398
0.2 1.325 0.000252
0.1797841680152 1.4 0.002922258785808
0.2 1.4 0.000252
0.1797841680152 1.375 0.002922258785808
0.1898973158225 1.4 0.001626716535398
0.2 1.375 0.000252
0.1797841680152 1.45 0.002922258785808
0.2 1.45 0.000252
0.1797841680152 1.425 0.002922258785808
0.1898973158225 1.45 0.001626716535398
0.2 1.425 0.000252
0.1797841680152 1.5 0.002922258785808
0.2 1.5 0.000252
0.1797841680152 1.475 0.002922258785808
0.1898973158225 1.5 0.001626716535398
0.2 1.475 0.000252
0.1797841680152 1.55 0.002922258785808
0.2 1.55 0.000252
0.1797841680152 1.525 0.002922258785808
0.1898973158225 1.55 0.001626716535398
0.2 1.525 0.000252
0.1797841680152 1.6 0.002922258785808
0.2 1.6 0.000252
0.1797841680152 1.575 0.002922258785808
0.1898973158225 1.6 0.001626716535398
0.2 1.575 0.000252
0.1797841680152 1.65 0.002922258785808
0.2 1.65 0.000252
0.1797841680152 1.625 0.002922258785808
0.1898973158225 1.65 0.001626716535398
0.2 1.625 0.000252
0.1797841680152 1.7 0.002922258785808
0.2 1.7 0.000252
0.1797841680152 1.675 0.002922258785808
0.1898973158225 1.7 0.001626716535398
0.2 1.675 0.000252
0.1797841680152 1.75 0.002922258785808
0.2 1.75 0.000252
0.1797841680152 1.725 0.002922258785808
0.1898973158225 1.75 0.001626716535398
0.2 1.725 0.000252
0.1797841680152 1.8 0.002922258785808
0.2 1.8 0.000252
0.1797841680152 1.775 0.002922258785808
0.1898973158225 1.8 0.001626716535398
0.2 1.775 0.000252
0.1797841680152 1.85 0.002922258785808
0.2 1.85 0.000252
0.1797841680152 1.825 0.002922258785808
0.1898973158225 1.85 0.001626716535398
0.2 1.825 0.000252
0.1797841680152 1.9 0.002922258785808
0.2 1.9 0.000252
0.1797841680152 1.875 0.002922258785808
0.1898973158225 1.9 0.001626716535398
0.2 1.875 0.000252
0.1797841680152 1.95 0.002922258785808
0.2 1.95 0.000252
0.1797841680152 1.925 0.002922258785808
0.1898973158225 1.95 0.001626716535398
0.2 1.925 0.000252
0.1797841680152 2.0 0.002922258785808
0.2 2.0 0.000252
0.1797841680152 1.975 0.002922258785808
0.1898973158225 2.0 0.001626716535398
0.2 1.975 0.000252
0.159531572722 0.0 0.005298108818185
0.159531572722 0.05 0.005298108818185
0.1696619388562 0.0 0.004144857117196
0.159531572722 0.025 0.005298108818185
0.1696619388562 0.05 0.004144857117196
0.159531572722 0.1 0.005298108818185
0.159531572722 0.075 0.005298108818185
0.1696619388562 0.1 0.004144857117196
0.159531572722 0.15 0.005298108818185
0.159531572722 0.125 0.005298108818185
0.1696619388562 0.15 0.004144857117196
0.159531572722 0.2 0.005298108818185
0.159531572722 0.175 0.005298108818185
0.1696619388562 0.2 0.004144857117196
0.159531572722 0.25 0.005298108818185
0.159531572722 0.225 0.005298108818185
0.1696619388562 0.25 0.004144857117196
0.159531572722 0.3 0.005298108818185
0.159531572722 0.275 0.005298108818185
0.1696619388562 0.3 0.004144857117196
0.159531572722 0.35 0.005298108818185
0.159531572722 0.325 0.005298108818185
0.1696619388562 0.35 0.004144857117196
0.159531572722 0.4 0.005298108818185
0.159531572722 0.375 0.005298108818185
0.1696619388562 0.4 0.004144857117196
0.159531572722 0.45 0.005298108818185
0.159531572722 0.425 0.005298108818185
0.1696619388562 0.45 0.004144857117196
0.159531572722 0.5 0.005298108818185
0.159531572722 0.475 0.005298108818185
0.1696619388562 0.5 0.004144857117196
0.159531572722 0.55 0.005298108818185
0.159531572722 0.525 0.005298108818185
0.1696619388562 0.55 0.004144857117196
0.159531572722 0.6 0.005298108818185
0.159531572722 0.575 0.005298108818185
0.1696619388562 0.6 0.004144857117196
0.159531572722 0.65 0.005298108818185
0.159531572722 0.625 0.005298108818185
0.1696619388562 0.65 0.004144857117196
0.159531572722 0.7 0.005298108818185
0.159531572722 0.675 0.005298108818185
0.1696619388562 0.7 0.004144857117196
0.159531572722 0.75 0.005298108818185
0.159531572722 0.725 0.005298108818185
0.1696619388562 0.75 0.004144857117196
0.159531572722 0.8 0.005298108818185
0.159531572722 0.775 0.005298108818185
0.1696619388562 0.8 0.004144857117196
0.159531572722 0.85 0.005298108818185
0.159531572722 0.825 0.005298108818185
0.1696619388562 0.85 0.004144857117196
0.159531572722 0.9 0.005298108818185
0.159531572722 0.875 0.005298108818185
0.1696619388562 0.9 0.004144857117196
0.159531572722 0.95 0.005298108818185
0.159531572722 0.925 0.005298108818185
0.1696619388562 0.95 0.004144857117196
0.159531572722 1.0 0.005298108818185
0.159531572722 0.975 0.005298108818185
0.1696619388562 1.0 0.004144857117196
0.159531572722 1.05 0.005298108818185
0.159531572722 1.025 0.005298108818185
0.1696619388562 1.05 0.004144857117196
0.159531572722 1.1 0.005298108818185
0.159531572722 1.075 0.005298108818185
0.1696619388562 1.1 0.004144857117196
0.159531572722 1.15 0.005298108818185
0.159531572722 1.125 0.005298108818185
0.1696619388562 1.15 0.004144857117196
0.159531572722 1.2 0.005298108818185
0.159531572722 1.175 0.005298108818185
0.1696619388562 1.2 0.004144857117196
0.159531572722 1.25 0.005298108818185
0.159531572722 1.225 0.005298108818185
0.1696619388562 1.25 0.004144857117196
0.159531572722 1.3 0.005298108818185
0.159531572722 1.275 0.005298108818185
0.1696619388562 1.3 0.004144857117196
0.159531572722 1.35 0.005298108818185
0.159531572722 1.325 0.005298108818185
0.1696619388562 1.35 0.004144857117196
0.159531572722 1.4 0.005298108818185
0.159531572722 1.375 0.005298108818185
0.1696619388562 1.4 0.004144857117196
0.159531572722 1.45 0.005298108818185
0.159531572722 1.425 0.005298108818185
0.1696619388562 1.45 0.004144857117196
0.159531572722 1.5 0.005298108818185
0.159531572722 1.475 0.005298108818185
0.1696619388562 1.5 0.004144857117196
0.159531572722 1.55 0.005298108818185
0.159531572722 1.525 0.005298108818185
0.1696619388562 1.55 0.004144857117196
0.159531572722 1.6 0.005298108818185
0.159531572722 1.575 0.005298108818185
0.1696619388562 1.6 0.004144857117196
0.159531572722 1.65 0.005298108818185
0.159531572722 1.625 0.005298108818185
0.1696619388562 1.65 0.004144857117196
0.159531572722 1.7 0.005298108818185
0.159531572722 1.675 0.005298108818185
0.1696619388562 1.7 0.004144857117196
0.159531572722 1.75 0.005298108818185
0.159531572722 1.725 0.005298108818185
0.1696619388562 1.75 0.004144857117196
0.159531572722 1.8 0.005298108818185
0.159531572722 1.775 0.005298108818185
0.1696619388562 1.8 0.004144857117196
0.159531572722 1.85 0.005298108818185
0.159531572722 1.825 0.005298108818185
0.1696619388562 1.85 0.004144857117196
0.159531572722 1.9 0.005298108818185
0.159531572722 1.875 0.005298108818185
0.1696619388562 1.9 0.004144857117196
0.159531572722 1.95 0.005298108818185
0.159531572722 1.925 0.005298108818185
0.1696619388562 1.95 0.004144857117196
0.159531572722 2.0 0.005298108818185
0.159531572722 1.975 0.005298108818185
0.1696619388562 2.0 0.004144857117196
0.1392487809137 0.0 0.00740069995325
0.1392487809137 0.05 0.00740069995325
0.1493937169605 0.0 0.006383556188491
0.1392487809137 0.025 0.00740069995325
0.1493937169605 0.05 0.006383556188491
0.1392487809137 0.1 0.00740069995325
0.1392487809137 0.075 0.00740069995325
0.1493937169605 0.1 0.006383556188491
0.1392487809137 0.15 0.00740069995325
0.1392487809137 0.125 0.00740069995325
0.1493937169605 0.15 0.006383556188491
0.1392487809137 0.2 0.00740069995325
0.1392487809137 0.175 0.00740069995325
0.1493937169605 0.2 0.006383556188491
0.1392487809137 0.25 0.00740069995325
0.1392487809137 0.225 0.00740069995325
0.1493937169605 0.25 0.006383556188491
0.1392487809137 0.3 0.00740069995325
0.1392487809137 0.275 0.00740069995325
0.1493937169605 0.3 0.006383556188491
0.1392487809137 0.35 0.00740069995325
0.1392487809137 0.325 0.00740069995325
0.1493937169605 0.35 0.006383556188491
0.1392487809137 0.4 0.00740069995325
0.1392487809137 0.375 0.00740069995325
0.1493937169605 0.4 0.006383556188491
0.1392487809137 0.45 0.00740069995325
0.1392487809137 0.425 0.00740069995325
0.1493937169605 0.45 0.006383556188491
0.1392487809137 0.5 0.00740069995325
0.1392487809137 0.475 0.00740069995325
0.1493937169605 0.5 0.006383556188491
0.1392487809137 0.55 0.00740069995325
0.1392487809137 0.525 0.00740069995325
0.1493937169605 0.55 0.006383556188491
0.1392487809137 0.6 0.00740069995325
0.1392487809137 0.575 0.00740069995325
0.1493937169605 0.6 0.006383556188491
0.1392487809137 0.65 0.00740069995325
0.1392487809137 0.625 0.00740069995325
0.1493937169605 0.65 0.006383556188491
0.1392487809137 0.7 0.00740069995325
0.1392487809137 0.675 0.00740069995325
0.1493937169605 0.7 0.006383556188491
0.1392487809137 0.75 0.00740069995325
0.1392487809137 0.725 0.00740069995325
0.1493937169605 0.75 0.006383556188491
0.1392487809137 0.8 0.00740069995325
0.1392487809137 0.775 0.00740069995325
0.1493937169605 0.8 0.006383556188491
0.1392487809137 0.85 0.00740069995325
0.1392487809137 0.825 0.00740069995325
0.1493937169605 0.85 0.006383556188491
0.1392487809137 0.9 0.00740069995325
0.1392487809137 0.875 0.00740069995325
0.1493937169605 0.9 0.006383556188491
0.1392487809137 0.95 0.00740069995325
0.1392487809137 0.925 0.00740069995325
0.1493937169605 0.95 0.006383556188491
0.1392487809137 1.0 0.00740069995325
0.1392487809137 0.975 0.00740069995325
0.1493937169605 1.0 0.006383556188491
0.1392487809137 1.05 0.00740069995325
0.1392487809137 1.025 0.00740069995325
0.1493937169605 1.05 0.006383556188491
0.1392487809137 1.1 0.00740069995325
0.1392487809137 1.075 0.00740069995325
0.1493937169605 1.1 0.006383556188491
0.1392487809137 1.15 0.00740069995325
0.1392487809137 1.125 0.00740069995325
0.1493937169605 1.15 0.006383556188491
0.1392487809137 1.2 0.00740069995325
0.1392487809137 1.175 0.00740069995325
0.1493937169605 1.2 0.006383556188491
0.1392487809137 1.25 0.00740069995325
0.1392487809137 1.225 0.00740069995325
0.1493937169605 1.25 0.006383556188491
0.1392487809137 1.3 0.00740069995325
0.1392487809137 1.275 0.00740069995325
0.1493937169605 1.3 0.006383556188491
0.1392487809137 1.35 0.00740069995325
0.1392487809137 1.325 0.00740069995325
0.1493937169605 1.35 0.006383556188491
0.1392487809137 1.4 0.00740069995325
0.1392487809137 1.375 0.00740069995325
0.1493937169605 1.4 0.006383556188491
0.1392487809137 1.45 0.00740069995325
0.1392487809137 1.425 0.00740069995325
0.1493937169605 1.45 0.006383556188491
0.1392487809137 1.5 0.00740069995325
0.1392487809137 1.475 0.00740069995325
0.1493937169605 1.5 0.006383556188491
0.1392487809137 1.55 0.00740069995325
0.1392487809137 1.525 0.00740069995325
0.1493937169605 1.55 0.006383556188491
0.1392487809137 1.6 0.00740069995325
0.1392487809137 1.575 0.00740069995325
0.1493937169605 1.6 0.006383556188491
0.1392487809137 1.65 0.00740069995325
0.1392487809137 1.625 0.00740069995325
0.1493937169605 1.65 0.006383556188491
0.1392487809137 1.7 0.00740069995325
0.1392487809137 1.675 0.00740069995325
0.1493937169605 1.7 0.006383556188491
0.1392487809137 1.75 0.00740069995325
0.1392487809137 1.725 0.00740069995325
0.1493937169605 1.75 0.006383556188491
0.1392487809137 1.8 0.00740069995325
0.1392487809137 1.775 0.00740069995325
0.1493937169605 1.8 0.006383556188491
0.1392487809137 1.85 0.00740069995325
0.1392487809137 1.825 0.00740069995325
0.1493937169605 1.85 0.006383556188491
0.1392487809137 1.9 0.00740069995325
0.1392487809137 1.875 0.00740069995325
0.1493937169605 1.9 0.006383556188491
0.1392487809137 1.95 0.00740069995325
0.1392487809137 1.925 0.00740069995325
0.1493937169605 1.95 0.006383556188491
0.1392487809137 2.0 0.00740069995325
0.1392487809137 1.975 0.00740069995325
0.1493937169605 2.0 0.006383556188491
0.1189380739921 0.0 0.009213436133405
0.1189380739921 0.05 0.009213436133405
0.129096898699 0.0 0.008345983957853
0.1189380739921 0.025 0.009213436133405
0.129096898699 0.05 0.008345983957853
0.1189380739921 0.1 0.009213436133405
0.1189380739921 0.075 0.009213436133405
0.129096898699 0.1 0.008345983957853
0.1189380739921 0.15 0.009213436133405
0.1189380739921 0.125 0.009213436133405
0.129096898699 0.15 0.008345983957853
0.1189380739921 0.2 0.009213436133405
0.1189380739921 0.175 0.009213436133405
0.129096898699 0.2 0.008345983957853
0.1189380739921 0.25 0.009213436133405
0.1189380739921 0.225 0.009213436133405
0.129096898699 0.25 0.008345983957853
0.1189380739921 0.3 0.009213436133405
0.1189380739921 0.275 0.009213436133405
0.129096898699 0.3 0.008345983957853
0.1189380739921 0.35 0.009213436133405
0.1189380739921 0.325 0.009213436133405
0.129096898699 0.35 0.008345983957853
0.1189380739921 0.4 0.009213436133405
0.1189380739921 0.375 0.009213436133405
0.129096898699 0.4 0.008345983957853
0.1189380739921 0.45 0.009213436133405
0.1189380739921 0.425 0.009213436133405
0.129096898699 0.45 0.008345983957853
0.1189380739921 0.5 0.009213436133405
0.1189380739921 0.475 0.009213436133405
0.129096898699 0.5 0.008345983957853
0.1189380739921 0.55 0.009213436133405
0.1189380739921 0.525 0.009213436133405
0.129096898699 0.55 0.008345983957853
0.1189380739921 0.6 0.009213436133405
0.1189380739921 0.575 0.009213436133405
0.129096898699 0.6 0.008345983957853
0.1189380739921 0.65 0.009213436133405
0.1189380739921 0.625 0.009213436133405
0.129096898699 0.65 0.008345983957853
0.1189380739921 0.7 0.009213436133405
0.1189380739921 0.675 0.009213436133405
0.129096898699 0.7 0.008345983957853
0.1189380739921 0.75 0.009213436133405
0.1189380739921 0.725 0.009213436133405
0.129096898699 0.75 0.008345983957853
0.1189380739921 0.8 0.009213436133405
0.1189380739921 0.775 0.009213436133405
0.129096898699 0.8 0.008345983957853
0.1189380739921 0.85 0.009213436133405
0.1189380739921 0.825 0.009213436133405
0.129096898699 0.85 0.008345983957853
0.1189380739921 0.9 0.009213436133405
0.1189380739921 0.875 0.009213436133405
0.129096898699 0.9 0.008345983957853
0.1189380739921 0.95 0.009213436133405
0.1189380739921 0.925 0.009213436133405
0.129096898699 0.95 0.008345983957853
0.1189380739921 1.0 0.009213436133405
0.1189380739921 0.975 0.009213436133405
0.129096898699 1.0 0.008345983957853
0.1189380739921 1.05 0.009213436133405
0.1189380739921 1.025 0.009213436133405
0.129096898699 1.05 0.008345983957853
0.1189380739921 1.1 0.009213436133405
0.1189380739921 1.075 0.009213436133405
0.129096898699 1.1 0.008345983957853
0.1189380739921 1.15 0.009213436133405
0.1189380739921 1.125 0.009213436133405
0.129096898699 1.15 0.008345983957853
0.1189380739921 1.2 0.009213436133405
0.1189380739921 1.175 0.009213436133405
0.129096898699 1.2 0.008345983957853
0.1189380739921 1.25 0.009213436133405
0.1189380739921 1.225 0.009213436133405
0.129096898699 1.25 0.008345983957853
0.1189380739921 1.3 0.009213436133405
0.1189380739921 1.275 0.009213436133405
0.129096898699 1.3 0.008345983957853
0.1189380739921 1.35 0.009213436133405
0.1189380739921 1.325 0.009213436133405
0.129096898699 1.35 0.008345983957853
0.1189380739921 1.4 0.009213436133405
0.1189380739921 1.375 0.009213436133405
0.129096898699 1.4 0.008345983957853
0.1189380739921 1.45 0.009213436133405
0.1189380739921 1.425 0.009213436133405
0.129096898699 1.45 0.008345983957853
0.1189380739921 1.5 0.009213436133405
0.1189380739921 1.475 0.009213436133405
0.129096898699 1.5 0.008345983957853
0.1189380739921 1.55 0.009213436133405
0.1189380739921 1.525 0.009213436133405
0.129096898699 1.55 0.008345983957853
0.1189380739921 1.6 0.009213436133405
0.1189380739921 1.575 0.009213436133405
0.129096898699 1.6 0.008345983957853
0.1189380739921 1.65 0.009213436133405
0.1189380739921 1.625 0.009213436133405
0.129096898699 1.65 0.008345983957853
0.1189380739921 1.7 0.009213436133405
0.1189380739921 1.675 0.009213436133405
0.129096898699 1.7 0.008345983957853
0.1189380739921 1.75 0.009213436133405
0.1189380739921 1.725 0.009213436133405
0.129096898699 1.75 0.008345983957853
0.1189380739921 1.8 0.009213436133405
0.1189380739921 1.775 0.009213436133405
0.129096898699 1.8 0.008345983957853
0.1189380739921 1.85 0.009213436133405
0.1189380739921 1.825 0.009213436133405
0.129096898699 1.85 0.008345983957853
0.1189380739921 1.9 0.009213436133405
0.1189380739921 1.875 0.009213436133405
0.129096898699 1.9 0.008345983957853
0.1189380739921 1.95 0.009213436133405
0.1189380739921 1.925 0.009213436133405
0.129096898699 1.95 0.008345983957853
0.1189380739921 2.0 0.009213436133405
0.1189380739921 1.975 0.009213436133405
0.129096898699 2.0 0.008345983957853
0.09859922962719 0.0 0.0106754494224
0.09859922962719 0.05 0.0106754494224
0.1087722174744 0.0 0.00999410514438
0.09859922962719 0.025 0.0106754494224
0.1087722174744 0.05 0.00999410514438
0.09859922962719 0.1 0.0106754494224
0.09859922962719 0.075 0.0106754494224
0.1087722174744 0.1 0.00999410514438
0.09859922962719 0.15 0.0106754494224
0.09859922962719 0.125 0.0106754494224
0.1087722174744 0.15 0.00999410514438
0.09859922962719 0.2 0.0106754494224
0.09859922962719 0.175 0.0106754494224
0.1087722174744 0.2 0.00999410514438
0.09859922962719 0.25 0.0106754494224
0.09859922962719 0.225 0.0106754494224
0.1087722174744 0.25 0.00999410514438
0.09859922962719 0.3 0.0106754494224
0.09859922962719 0.275 0.0106754494224
0.1087722174744 0.3 0.00999410514438
0.09859922962719 0.35 0.0106754494224
0.09859922962719 0.325 0.0106754494224
0.1087722174744 0.35 0.00999410514438
0.09859922962719 0.4 0.0106754494224
0.09859922962719 0.375 0.0106754494224
0.1087722174744 0.4 0.00999410514438
0.09859922962719 0.45 0.0106754494224
0.09859922962719 0.425 0.0106754494224
0.1087722174744 0.45 0.00999410514438
0.09859922962719 0.5 0.0106754494224
0.09859922962719 0.475 0.0106754494224
0.1087722174744 0.5 0.00999410514438
0.09859922962719 0.55 0.0106754494224
0.09859922962719 0.525 0.0106754494224
0.1087722174744 0.55 0.00999410514438
0.09859922962719 0.6 0.0106754494224
0.09859922962719 0.575 0.0106754494224
0.1087722174744 0.6 0.00999410514438
0.09859922962719 0.65 0.0106754494224
0.09859922962719 0.625 0.0106754494224
0.1087722174744 0.65 0.00999410514438
0.09859922962719 0.7 0.0106754494224
0.09859922962719 0.675 0.0106754494224
0.1087722174744 0.7 0.00999410514438
0.09859922962719 0.75 0.0106754494224
0.09859922962719 0.725 0.0106754494224
0.1087722174744 0.75 0.00999410514438
0.09859922962719 0.8 0.0106754494224
0.09859922962719 0.775 0.0106754494224
0.1087722174744 0.8 0.00999410514438
0.09859922962719 0.85 0.0106754494224
0.09859922962719 0.825 0.0106754494224
0.1087722174744 0.85 0.00999410514438
0.09859922962719 0.9 0.0106754494224
0.09859922962719 0.875 0.0106754494224
0.1087722174744 0.9 0.00999410514438
0.09859922962719 0.95 0.0106754494224
0.09859922962719 0.925 0.0106754494224
0.1087722174744 0.95 0.00999410514438
0.09859922962719 1.0 0.0106754494224
0.09859922962719 0.975 0.0106754494224
0.1087722174744 1.0 0.00999410514438
0.09859922962719 1.05 0.0106754494224
0.09859922962719 1.025 0.0106754494224
0.1087722174744 1.05 0.00999410514438
0.09859922962719 1.1 0.0106754494224
0.09859922962719 1.075 0.0106754494224
0.1087722174744 1.1 0.00999410514438
0.09859922962719 1.15 0.0106754494224
0.09859922962719 1.125 0.0106754494224
0.1087722174744 1.15 0.00999410514438
0.09859922962719 1.2 0.0106754494224
0.09859922962719 1.175 0.0106754494224
0.1087722174744 1.2 0.00999410514438
0.09859922962719 1.25 0.0106754494224
0.09859922962719 1.225 0.0106754494224
0.1087722174744 1.25 0.00999410514438
0.09859922962719 1.3 0.0106754494224
0.09859922962719 1.275 0.0106754494224
0.1087722174744 1.3 0.00999410514438
0.09859922962719 1.35 0.0106754494224
0.09859922962719 1.325 0.0106754494224
0.1087722174744 1.35 0.00999410514438
0.09859922962719 1.4 0.0106754494224
0.09859922962719 1.375 0.0106754494224
0.1087722174744 1.4 0.00999410514438
0.09859922962719 1.45 0.0106754494224
0.09859922962719 1.425 0.0106754494224
0.1087722174744 1.45 0.00999410514438
0.09859922962719 1.5 0.0106754494224
0.09859922962719 1.475 0.0106754494224
0.1087722174744 1.5 0.00999410514438
0.09859922962719 1.55 0.0106754494224
0.09859922962719 1.525 0.0106754494224
0.1087722174744 1.55 0.00999410514438
0.09859922962719 1.6 0.0106754494224
0.09859922962719 1.575 0.0106754494224
0.1087722174744 1.6 0.00999410514438
0.09859922962719 1.65 0.0106754494224
0.09859922962719 1.625 0.0106754494224
0.1087722174744 1.65 0.00999410514438
0.09859922962719 1.7 0.0106754494224
0.09859922962719 1.675 0.0106754494224
0.1087722174744 1.7 0.00999410514438
0.09859922962719 1.75 0.0106754494224
0.09859922962719 1.725 0.0106754494224
0.1087722174744 1.75 0.00999410514438
0.09859922962719 1.8 0.0106754494224
0.09859922962719 1.775 0.0106754494224
0.1087722174744 1.8 0.00999410514438
0.09859922962719 1.85 0.0106754494224
0.09859922962719 1.825 0.0106754494224
0.1087722174744 1.85 0.00999410514438
0.09859922962719 1.9 0.0106754494224
0.09859922962719 1.875 0.0106754494224
0.1087722174744 1.9 0.00999410514438
0.09859922962719 1.95 0.0106754494224
0.09859922962719 1.925 0.0106754494224
0.1087722174744 1.95 0.00999410514438
0.09859922962719 2.0 0.0106754494224
0.09859922962719 1.975 0.0106754494224
0.1087722174744 2.0 0.00999410514438
0.07823241914017 0.0 0.01166935765054
0.07823241914017 0.05 0.01166935765054
0.08841915593618 0.0 0.0112408906445
0.07823241914017 0.025 0.01166935765054
0.08841915593618 0.05 0.0112408906445
0.07823241914017 0.1 0.01166935765054
0.07823241914017 0.075 0.01166935765054
0.08841915593618 0.1 0.0112408906445
0.07823241914017 0.15 0.01166935765054
0.07823241914017 0.125 0.01166935765054
0.08841915593618 0.15 0.0112408906445
0.07823241914017 0.2 0.01166935765054
0.07823241914017 0.175 0.01166935765054
0.08841915593618 0.2 0.0112408906445
0.07823241914017 0.25 0.01166935765054
0.07823241914017 0.225 0.01166935765054
0.08841915593618 0.25 0.0112408906445
0.07823241914017 0.3 0.01166935765054
0.07823241914017 0.275 0.01166935765054
0.08841915593618 0.3 0.0112408906445
0.07823241914017 0.35 0.01166935765054
0.07823241914017 0.325 0.01166935765054
0.08841915593618 0.35 0.0112408906445
0.07823241914017 0.4 0.01166935765054
0.07823241914017 0.375 0.01166935765054
0.08841915593618 0.4 0.0112408906445
0.07823241914017 0.45 0.01166935765054
0.07823241914017 0.425 0.01166935765054
0.08841915593618 0.45 0.0112408906445
0.07823241914017 0.5 0.01166935765054
0.07823241914017 0.475 0.01166935765054
0.08841915593618 0.5 0.0112408906445
0.07823241914017 0.55 0.01166935765054
0.07823241914017 0.525 0.01166935765054
0.08841915593618 0.55 0.0112408906445
0.07823241914017 0.6 0.01166935765054
0.07823241914017 0.575 0.01166935765054
0.08841915593618 0.6 0.0112408906445
0.07823241914017 0.65 0.01166935765054
0.07823241914017 0.625 0.01166935765054
0.08841915593618 0.65 0.0112408906445
0.07823241914017 0.7 0.01166935765054
0.07823241914017 0.675 0.01166935765054
0.08841915593618 0.7 0.0112408906445
0.07823241914017 0.75 0.01166935765054
0.07823241914017 0.725 0.01166935765054
0.08841915593618 0.75 0.0112408906445
0.07823241914017 0.8 0.01166935765054
0.07823241914017 0.775 0.01166935765054
0.08841915593618 0.8 0.0112408906445
0.07823241914017 0.85 0.01166935765054
0.07823241914017 0.825 0.01166935765054
0.08841915593618 0.85 0.0112408906445
0.07823241914017 0.9 0.01166935765054
0.07823241914017 0.875 0.01166935765054
0.08841915593618 0.9 0.0112408906445
0.07823241914017 0.95 0.01166935765054
0.07823241914017 0.925 0.01166935765054
0.08841915593618 0.95 0.0112408906445
0.07823241914017 1.0 0.01166935765054
0.07823241914017 0.975 0.01166935765054
0.08841915593618 1.0 0.0112408906445
0.07823241914017 1.05 0.01166935765054
0.07823241914017 1.025 0.01166935765054
0.08841915593618 1.05 0.0112408906445
0.07823241914017 1.1 0.01166935765054
0.07823241914017 1.075 0.01166935765054
0.08841915593618 1.1 0.0112408906445
0.07823241914017 1.15 0.01166935765054
0.07823241914017 1.125 0.01166935765054
0.08841915593618 1.15 0.0112408906445
0.07823241914017 1.2 0.01166935765054
0.07823241914017 1.175 0.01166935765054
0.08841915593618 1.2 0.0112408906445
0.07823241914017 1.25 0.01166935765054
0.07823241914017 1.225 0.01166935765054
0.08841915593618 1.25 0.0112408906445
0.07823241914017 1.3 0.01166935765054
0.07823241914017 1.275 0.01166935765054
0.08841915593618 1.3 0.0112408906445
0.07823241914017 1.35 0.01166935765054
0.07823241914017 1.325 0.01166935765054
0.08841915593618 1.35 0.0112408906445
0.07823241914017 1.4 0.01166935765054
0.07823241914017 1.375 0.01166935765054
0.08841915593618 1.4 0.0112408906445
0.07823241914017 1.45 0.01166935765054
0.07823241914017 1.425 0.01166935765054
0.08841915593618 1.45 0.0112408906445
0.07823241914017 1.5 0.01166935765054
0.07823241914017 1.475 0.01166935765054
0.08841915593618 1.5 0.0112408906445
0.07823241914017 1.55 0.01166935765054
0.07823241914017 1.525 0.01166935765054
0.08841915593618 1.55 0.0112408906445
0.07823241914017 1.6 0.01166935765054
0.07823241914017 1.575 0.01166935765054
0.08841915593618 1.6 0.0112408906445
0.07823241914017 1.65 0.01166935765054
0.07823241914017 1.625 0.01166935765054
0.08841915593618 1.65 0.0112408906445
0.07823241914017 1.7 0.01166935765054
0.07823241914017 1.675 0.01166935765054
0.08841915593618 1.7 0.0112408906445
0.07823241914017 1.75 0.01166935765054
0.07823241914017 1.725 0.01166935765054
0.08841915593618 1.75 0.0112408906445
0.07823241914017 1.8 0.01166935765054
0.07823241914017 1.775 0.01166935765054
0.08841915593618 1.8 0.0112408906445
0.07823241914017 1.85 0.01166935765054
0.07823241914017 1.825 0.01166935765054
0.08841915593618 1.85 0.0112408906445
0.07823241914017 1.9 0.01166935765054
0.07823241914017 1.875 0.01166935765054
0.08841915593618 1.9 0.0112408906445
0.07823241914017 1.95 0.01166935765054
0.07823241914017 1.925 0.01166935765054
0.08841915593618 1.95 0.0112408906445
0.07823241914017 2.0 0.01166935765054
0.07823241914017 1.975 0.01166935765054
0.08841915593618 2.0 0.0112408906445
0.05784468992407 0.0 0.01199822117034
0.05784468992407 0.05 0.01199822117034
0.06804014042998 0.0 0.0119338379456
0.05784468992407 0.025 0.01199822117034
0.06804014042998 0.05 0.0119338379456
0.05784468992407 0.1 0.01199822117034
0.05784468992407 0.075 0.01199822117034
0.06804014042998 0.1 0.0119338379456
0.05784468992407 0.15 0.01199822117034
0.05784468992407 0.125 0.01199822117034
0.06804014042998 0.15 0.0119338379456
0.05784468992407 0.2 0.01199822117034
0.05784468992407 0.175 0.01199822117034
0.06804014042998 0.2 0.0119338379456
0.05784468992407 0.25 0.01199822117034
0.05784468992407 0.225 0.01199822117034
0.06804014042998 0.25 0.0119338379456
0.05784468992407 0.3 0.01199822117034
0.05784468992407 0.275 0.01199822117034
0.06804014042998 0.3 0.0119338379456
0.05784468992407 0.35 0.01199822117034
0.05784468992407 0.325 0.01199822117034
0.06804014042998 0.35 0.0119338379456
0.05784468992407 0.4 0.01199822117034
0.05784468992407 0.375 0.01199822117034
0.06804014042998 0.4 0.0119338379456
0.05784468992407 0.45 0.01199822117034
0.05784468992407 0.425 0.01199822117034
0.06804014042998 0.45 0.0119338379456
0.05784468992407 0.5 0.01199822117034
0.05784468992407 0.475 0.01199822117034
0.06804014042998 0.5 0.0119338379456
0.05784468992407 0.55 0.01199822117034
0.05784468992407 0.525 0.01199822117034
0.06804014042998 0.55 0.0119338379456
0.05784468992407 0.6 0.01199822117034
0.05784468992407 0.575 0.01199822117034
0.06804014042998 0.6 0.0119338379456
0.05784468992407 0.65 0.01199822117034
0.05784468992407 0.625 0.01199822117034
0.06804014042998 0.65 0.0119338379456
0.05784468992407 0.7 0.01199822117034
0.05784468992407 0.675 0.01199822117034
0.06804014042998 0.7 0.0119338379456
0.05784468992407 0.75 0.01199822117034
0.05784468992407 0.725 0.01199822117034
0.06804014042998 0.75 0.0119338379456
0.05784468992407 0.8 0.01199822117034
0.05784468992407 0.775 0.01199822117034
0.06804014042998 0.8 0.0119338379456
0.05784468992407 0.85 0.01199822117034
0.05784468992407 0.825 0.01199822117034
0.06804014042998 0.85 0.0119338379456
0.05784468992407 0.9 0.01199822117034
0.05784468992407 0.875 0.01199822117034
0.06804014042998 0.9 0.0119338379456
0.05784468992407 0.95 0.01199822117034
0.05784468992407 0.925 0.01199822117034
0.06804014042998 0.95 0.0119338379456
0.05784468992407 1.0 0.01199822117034
0.05784468992407 0.975 0.01199822117034
0.06804014042998 1.0 0.0119338379456
0.05784468992407 1.05 0.01199822117034
0.05784468992407 1.025 0.01199822117034
0.06804014042998 1.05 0.0119338379456
0.05784468992407 1.1 0.01199822117034
0.05784468992407 1.075 0.01199822117034
0.06804014042998 1.1 0.0119338379456
0.05784468992407 1.15 0.01199822117034
0.05784468992407 1.125 0.01199822117034
0.06804014042998 1.15 0.0119338379456
0.05784468992407 1.2 0.01199822117034
0.05784468992407 1.175 0.01199822117034
0.06804014042998 1.2 0.0119338379456
0.05784468992407 1.25 0.01199822117034
0.05784468992407 1.225 0.01199822117034
0.06804014042998 1.25 0.0119338379456
0.05784468992407 1.3 0.01199822117034
0.05784468992407 1.275 0.01199822117034
0.06804014042998 1.3 0.0119338379456
0.05784468992407 1.35 0.01199822117034
0.05784468992407 1.325 0.01199822117034
0.06804014042998 1.35 0.0119338379456
0.05784468992407 1.4 0.01199822117034
0.05784468992407 1.375 0.01199822117034
0.06804014042998 1.4 0.0119338379456
0.05784468992407 1.45 0.01199822117034
0.05784468992407 1.425 0.01199822117034
0.06804014042998 1.45 0.0119338379456
0.05784468992407 1.5 0.01199822117034
0.05784468992407 1.475 0.01199822117034
0.06804014042998 1.5 0.0119338379456
0.05784468992407 1.55 0.01199822117034
0.05784468992407 1.525 0.01199822117034
0.06804014042998 1.55 0.0119338379456
0.05784468992407 1.6 0.01199822117034
0.05784468992407 1.575 0.01199822117034
0.06804014042998 1.6 0.0119338379456
0.05784468992407 1.65 0.01199822117034
0.05784468992407 1.625 0.01199822117034
0.06804014042998 1.65 0.0119338379456
0.05784468992407 1.7 0.01199822117034
0.05784468992407 1.675 0.01199822117034
0.06804014042998 1.7 0.0119338379456
0.05784468992407 1.75 0.01199822117034
0.05784468992407 1.725 0.01199822117034
0.06804014042998 1.75 0.0119338379456
0.05784468992407 1.8 0.01199822117034
0.05784468992407 1.775 0.01199822117034
0.06804014042998 1.8 0.0119338379456
0.05784468992407 1.85 0.01199822117034
0.05784468992407 1.825 0.01199822117034
0.06804014042998 1.85 0.0119338379456
0.05784468992407 1.9 0.01199822117034
0.05784468992407 1.875 0.01199822117034
0.06804014042998 1.9 0.0119338379456
0.05784468992407 1.95 0.01199822117034
0.05784468992407 1.925 0.01199822117034
0.06804014042998 1.95 0.0119338379456
0.05784468992407 2.0 0.01199822117034
0.05784468992407 1.975 0.01199822117034
0.06804014042998 2.0 0.0119338379456
0.03746760246876 0.0 0.01131674139076
0.03746760246876 0.05 0.01131674139076
0.04765077867952 0.0 0.01181518619913
0.03746760246876 0.025 0.01131674139076
0.04765077867952 0.05 0.01181518619913
0.03746760246876 0.1 0.01131674139076
0.03746760246876 0.075 0.01131674139076
0.04765077867952 0.1 0.01181518619913
0.03746760246876 0.15 0.01131674139076
0.03746760246876 0.125 0.01131674139076
0.04765077867952 0.15 0.01181518619913
0.03746760246876 0.2 0.01131674139076
0.03746760246876 0.175 0.01131674139076
0.04765077867952 0.2 0.01181518619913
0.03746760246876 0.25 0.01131674139076
0.03746760246876 0.225 0.01131674139076
0.04765077867952 0.25 0.01181518619913
0.03746760246876 0.3 0.01131674139076
0.03746760246876 0.275 0.01131674139076
0.04765077867952 0.3 0.01181518619913
0.03746760246876 0.35 0.01131674139076
0.03746760246876 0.325 0.01131674139076
0.04765077867952 0.35 0.01181518619913
0.03746760246876 0.4 0.01131674139076
0.03746760246876 0.375 0.01131674139076
0.04765077867952 0.4 0.01181518619913
0.03746760246876 0.45 0.01131674139076
0.03746760246876 0.425 0.01131674139076
0.04765077867952 0.45 0.01181518619913
0.03746760246876 0.5 0.01131674139076
0.03746760246876 0.475 0.01131674139076
0.04765077867952 0.5 0.01181518619913
0.03746760246876 0.55 0.01131674139076
0.03746760246876 0.525 0.01131674139076
0.04765077867952 0.55 0.01181518619913
0.03746760246876 0.6 0.01131674139076
0.03746760246876 0.575 0.01131674139076
0.04765077867952 0.6 0.01181518619913
0.03746760246876 0.65 0.01131674139076
0.03746760246876 0.625 0.01131674139076
0.04765077867952 0.65 0.01181518619913
0.03746760246876 0.7 0.01131674139076
0.03746760246876 0.675 0.01131674139076
0.04765077867952 0.7 0.01181518619913
0.03746760246876 0.75 0.01131674139076
0.03746760246876 0.725 0.01131674139076
0.04765077867952 0.75 0.01181518619913
0.03746760246876 0.8 0.01131674139076
0.03746760246876 0.775 0.01131674139076
0.04765077867952 0.8 0.01181518619913
0.03746760246876 0.85 0.01131674139076
0.03746760246876 0.825 0.01131674139076
0.04765077867952 0.85 0.01181518619913
0.03746760246876 0.9 0.01131674139076
0.03746760246876 0.875 0.01131674139076
0.04765077867952 0.9 0.01181518619913
0.03746760246876 0.95 0.01131674139076
0.03746760246876 0.925 0.01131674139076
0.04765077867952 0.95 0.01181518619913
0.03746760246876 1.0 0.01131674139076
0.03746760246876 0.975 0.01131674139076
0.04765077867952 1.0 0.01181518619913
0.03746760246876 1.05 0.01131674139076
0.03746760246876 1.025 0.01131674139076
0.04765077867952 1.05 0.01181518619913
0.03746760246876 1.1 0.01131674139076
0.03746760246876 1.075 0.01131674139076
0.04765077867952 1.1 0.01181518619913
0.03746760246876 1.15 0.01131674139076
0.03746760246876 1.125 0.01131674139076
0.04765077867952 1.15 0.01181518619913
0.03746760246876 1.2 0.01131674139076
0.03746760246876 1.175 0.01131674139076
0.04765077867952 1.2 0.01181518619913
0.03746760246876 1.25 0.01131674139076
0.03746760246876 1.225 0.01131674139076
0.04765077867952 1.25 0.01181518619913
0.03746760246876 1.3 0.01131674139076
0.03746760246876 1.275 0.01131674139076
0.04765077867952 1.3 0.01181518619913
0.03746760246876 1.35 0.01131674139076
0.03746760246876 1.325 0.01131674139076
0.04765077867952 1.35 0.01181518619913
0.03746760246876 1.4 0.01131674139076
0.03746760246876 1.375 0.01131674139076
0.04765077867952 1.4 0.01181518619913
0.03746760246876 1.45 0.01131674139076
0.03746760246876 1.425 0.01131674139076
0.04765077867952 1.45 0.01181518619913
0.03746760246876 1.5 0.01131674139076
0.03746760246876 1.475 0.01131674139076
0.04765077867952 1.5 0.01181518619913
0.03746760246876 1.55 0.01131674139076
0.03746760246876 1.525 0.01131674139076
0.04765077867952 1.55 0.01181518619913
0.03746760246876 1.6 0.01131674139076
0.03746760246876 1.575 0.01131674139076
0.04765077867952 1.6 0.01181518619913
0.03746760246876 1.65 0.01131674139076
0.03746760246876 1.625 0.01131674139076
0.04765077867952 1.65 0.01181518619913
0.03746760246876 1.7 0.01131674139076
0.03746760246876 1.675 0.01131674139076
0.04765077867952 1.7 0.01181518619913
0.03746760246876 1.75 0.01131674139076
0.03746760246876 1.725 0.01131674139076
0.04765077867952 1.75 0.01181518619913
0.03746760246876 1.8 0.01131674139076
0.03746760246876 1.775 0.01131674139076
0.04765077867952 1.8 0.01181518619913
0.03746760246876 1.85 0.01131674139076
0.03746760246876 1.825 0.01131674139076
0.04765077867952 1.85 0.01181518619913
0.03746760246876 1.9 0.01131674139076
0.03746760246876 1.875 0.01131674139076
0.04765077867952 1.9 0.01181518619913
0.03746760246876 1.95 0.01131674139076
0.03746760246876 1.925 0.01131674139076
0.04765077867952 1.95 0.01181518619913
0.03746760246876 2.0 0.01131674139076
0.03746760246876 1.975 0.01131674139076
0.04765077867952 2.0 0.01181518619913
0.01723660868941 0.0 0.008863972422642
0.01723660868941 0.05 0.008863972422642
0.02731422511967 0.0 0.01039721422067
0.01723660868941 0.025 0.008863972422642
0.02731422511967 0.05 0.01039721422067
0.01723660868941 0.1 0.008863972422642
0.01723660868941 0.075 0.008863972422642
0.02731422511967 0.1 0.01039721422067
0.01723660868941 0.15 0.008863972422642
0.01723660868941 0.125 0.008863972422642
0.02731422511967 0.15 0.01039721422067
0.01723660868941 0.2 0.008863972422642
0.01723660868941 0.175 0.008863972422642
0.02731422511967 0.2 0.01039721422067
0.01723660868941 0.25 0.008863972422642
0.01723660868941 0.225 0.008863972422642
0.02731422511967 0.25 0.01039721422067
0.01723660868941 0.3 0.008863972422642
0.01723660868941 0.275 0.008863972422642
0.02731422511967 0.3 0.01039721422067
0.01723660868941 0.35 0.008863972422642
0.01723660868941 0.325 0.008863972422642
0.02731422511967 0.35 0.01039721422067
0.01723660868941 0.4 0.008863972422642
0.01723660868941 0.375 0.008863972422642
0.02731422511967 0.4 0.01039721422067
0.01723660868941 0.45 0.008863972422642
0.01723660868941 0.425 0.008863972422642
0.02731422511967 0.45 0.01039721422067
0.01723660868941 0.5 0.008863972422642
0.01723660868941 0.475 0.008863972422642
0.02731422511967 0.5 0.01039721422067
0.01723660868941 0.55 0.008863972422642
0.01723660868941 0.525 0.008863972422642
0.02731422511967 0.55 0.01039721422067
0.01723660868941 0.6 0.008863972422642
0.01723660868941 0.575 0.008863972422642
0.02731422511967 0.6 0.01039721422067
0.01723660868941 0.65 0.008863972422642
0.01723660868941 0.625 0.008863972422642
0.02731422511967 0.65 0.01039721422067
0.01723660868941 0.7 0.008863972422642
0.01723660868941 0.675 0.008863972422642
0.02731422511967 0.7 0.01039721422067
0.01723660868941 0.75 0.008863972422642
0.01723660868941 0.725 0.008863972422642
0.02731422511967 0.75 0.01039721422067
0.01723660868941 0.8 0.008863972422642
0.01723660868941 0.775 0.008863972422642
0.02731422511967 0.8 0.01039721422067
0.01723660868941 0.85 0.008863972422642
0.01723660868941 0.825 0.008863972422642
0.02731422511967 0.85 0.01039721422067
0.01723660868941 0.9 0.008863972422642
0.01723660868941 0.875 0.008863972422642
0.02731422511967 0.9 0.01039721422067
0.01723660868941 0.95 0.008863972422642
0.01723660868941 0.925 0.008863972422642
0.02731422511967 0.95 0.01039721422067
0.01723660868941 1.0 0.008863972422642
0.01723660868941 0.975 0.008863972422642
0.02731422511967 1.0 0.01039721422067
0.01723660868941 1.05 0.008863972422642
0.01723660868941 1.025 0.008863972422642
0.02731422511967 1.05 0.01039721422067
0.01723660868941 1.1 0.008863972422642
0.01723660868941 1.075 0.008863972422642
0.02731422511967 1.1 0.01039721422067
0.01723660868941 1.15 0.008863972422642
0.01723660868941 1.125 0.008863972422642
0.02731422511967 1.15 0.01039721422067
0.01723660868941 1.2 0.008863972422642
0.01723660868941 1.175 0.008863972422642
0.02731422511967 1.2 0.01039721422067
0.01723660868941 1.25 0.008863972422642
0.01723660868941 1.225 0.008863972422642
0.02731422511967 1.25 0.01039721422067
0.01723660868941 1.3 0.008863972422642
0.01723660868941 1.275 0.008863972422642
0.02731422511967 1.3 0.01039721422067
0.01723660868941 1.35 0.008863972422642
0.01723660868941 1.325 0.008863972422642
0.02731422511967 1.35 0.01039721422067
0.01723660868941 1.4 0.008863972422642
0.01723660868941 1.375 0.008863972422642
0.02731422511967 1.4 0.01039721422067
0.01723660868941 1.45 0.008863972422642
0.01723660868941 1.425 0.008863972422642
0.02731422511967 1.45 0.01039721422067
0.01723660868941 1.5 0.008863972422642
0.01723660868941 1.475 0.008863972422642
0.02731422511967 1.5 0.01039721422067
0.01723660868941 1.55 0.008863972422642
0.01723660868941 1.525 0.008863972422642
0.02731422511967 1.55 0.01039721422067
0.01723660868941 1.6 0.008863972422642
0.01723660868941 1.575 0.008863972422642
0.02731422511967 1.6 0.01039721422067
0.01723660868941 1.65 0.008863972422642
0.01723660868941 1.625 0.008863972422642
0.02731422511967 1.65 0.01039721422067
0.01723660868941 1.7 0.008863972422642
0.01723660868941 1.675 0.008863972422642
0.02731422511967 1.7 0.01039721422067
0.01723660868941 1.75 0.008863972422642
0.01723660868941 1.725 0.008863972422642
0.02731422511967 1.75 0.01039721422067
0.01723660868941 1.8 0.008863972422642
0.01723660868941 1.775 0.008863972422642
0.02731422511967 1.8 0.01039721422067
0.01723660868941 1.85 0.008863972422642
0.01723660868941 1.825 0.008863972422642
0.02731422511967 1.85 0.01039721422067
0.01723660868941 1.9 0.008863972422642
0.01723660868941 1.875 0.008863972422642
0.02731422511967 1.9 0.01039721422067
0.01723660868941 1.95 0.008863972422642
0.01723660868941 1.925 0.008863972422642
0.02731422511967 1.95 0.01039721422067
0.01723660868941 2.0 0.008863972422642
0.01723660868941 1.975 0.008863972422642
0.02731422511967 2.0 0.01039721422067
0.0 0.0 0.0
0.0 0.05 0.0
0.007395939149635 0.0 0.006236173320425
0.0 0.025 0.0
0.007395939149635 0.05 0.006236173320425
0.0 0.1 0.0
0.0 0.075 0.0
0.007395939149635 0.1 0.006236173320425
0.0 0.15 0.0
0.0 0.125 0.0
0.007395939149635 0.15 0.006236173320425
0.0 0.2 0.0
0.0 0.175 0.0
0.007395939149635 0.2 0.006236173320425
0.0 0.25 0.0
0.0 0.225 0.0
0.007395939149635 0.25 0.006236173320425
0.0 0.3 0.0
0.0 0.275 0.0
0.007395939149635 0.3 0.006236173320425
0.0 0.35 0.0
0.0 0.325 0.0
0.007395939149635 0.35 0.006236173320425
0.0 0.4 0.0
0.0 0.375 0.0
0.007395939149635 0.4 0.006236173320425
0.0 0.45 0.0
0.0 0.425 0.0
0.007395939149635 0.45 0.006236173320425
0.0 0.5 0.0
0.0 0.475 0.0
0.007395939149635 0.5 0.006236173320425
0.0 0.55 0.0
0.0 0.525 0.0
0.007395939149635 0.55 0.006236173320425
0.0 0.6 0.0
0.0 0.575 0.0
0.007395939149635 0.6 0.006236173320425
0.0 0.65 0.0
0.0 0.625 0.0
0.007395939149635 0.65 0.006236173320425
0.0 0.7 0.0
0.0 0.675 0.0
0.007395939149635 0.7 0.006236173320425
0.0 0.75 0.0
0.0 0.725 0.0
0.007395939149635 0.75 0.006236173320425
0.0 0.8 0.0
0.0 0.775 0.0
0.007395939149635 0.8 0.006236173320425
0.0 0.85 0.0
0.0 0.825 0.0
0.007395939149635 0.85 0.006236173320425
0.0 0.9 0.0
0.0 0.875 0.0
0.007395939149635 0.9 0.006236173320425
0.0 0.95 0.0
0.0 0.925 0.0
0.007395939149635 0.95 0.006236173320425
0.0 1.0 0.0
0.0 0.975 0.0
0.007395939149635 1.0 0.006236173320425
0.0 1.05 0.0
0.0 1.025 0.0
0.007395939149635 1.05 0.006236173320425
0.0 1.1 0.0
0.0 1.075 0.0
0.007395939149635 1.1 0.006236173320425
0.0 1.15 0.0
0.0 1.125 0.0
0.007395939149635 1.15 0.006236173320425
0.0 1.2 0.0
0.0 1.175 0.0
0.007395939149635 1.2 0.006236173320425
0.0 1.25 0.0
0.0 1.225 0.0
0.007395939149635 1.25 0.006236173320425
0.0 1.3 0.0
0.0 1.275 0.0
0.007395939149635 1.3 0.006236173320425
0.0 1.35 0.0
0.0 1.325 0.0
0.007395939149635 1.35 0.006236173320425
0.0 1.4 0.0
0.0 1.375 0.0
0.007395939149635 1.4 0.006236173320425
0.0 1.45 0.0
0.0 1.425 0.0
0.007395939149635 1.45 0.006236173320425
0.0 1.5 0.0
0.0 1.475 0.0
0.007395939149635 1.5 0.006236173320425
0.0 1.55 0.0
0.0 1.525 0.0
0.007395939149635 1.55 0.006236173320425
0.0 1.6 0.0
0.0 1.575 0.0
0.007395939149635 1.6 0.006236173320425
0.0 1.65 0.0
0.0 1.625 0.0
0.007395939149635 1.65 0.006236173320425
0.0 1.7 0.0
0.0 1.675 0.0
0.007395939149635 1.7 0.006236173320425
0.0 1.75 0.0
0.0 1.725 0.0
0.007395939149635 1.75 0.006236173320425
0.0 1.8 0.0
0.0 1.775 0.0
0.007395939149635 1.8 0.006236173320425
0.0 1.85 0.0
0.0 1.825 0.0
0.007395939149635 1.85 0.006236173320425
0.0 1.9 0.0
0.0 1.875 0.0
0.007395939149635 1.9 0.006236173320425
0.0 1.95 0.0
0.0 1.925 0.0
0.007395939149635 1.95 0.006236173320425
0.0 2.0 0.0
0.0 1.975 0.0
0.007395939149635 2.0 0.006236173320425
