0.0 0.0 14.431691252428116
0.0 0.0 28.863382504856233
0.0 0.0 28.863382504856233
0.0 0.0 28.863382504856233
0.0 0.0 28.863382504856222
0.0 0.0 28.86338250485624
0.0 0.0 28.86338250485624
0.0 0.0 28.863382504856222
0.0 0.0 28.863382504856222
0.0 0.0 28.863382504856222
0.0 0.0 14.431691252428111
0.0 0.0 4.810563750809372
0.0 0.0 9.621127501618744
0.0 0.0 9.621127501618744
0.0 0.0 9.621127501618744
0.0 0.0 9.62112750161874
0.0 0.0 9.621127501618746
0.0 0.0 9.621127501618746
0.0 0.0 9.62112750161874
0.0 0.0 9.62112750161874
0.0 0.0 9.62112750161874
0.0 0.0 4.81056375080937
